Configuration: config_Alex
loss: 117.82454681396484
mean_squared_error: 117.82454681396484
mean_absolute_error: 5.503373146057129
mean_absolute_percentage_error: 20609.416015625
root_mean_squared_error: 10.85470199584961

Configuration: config_A
loss: 124.97565460205078
mean_squared_error: 124.97565460205078
mean_absolute_error: 5.62316370010376
mean_absolute_percentage_error: 8805.6259765625
root_mean_squared_error: 11.179250717163086

